651 8450
625 626 627 628 629 630 631 632 633 634 635 636 637 638 639 640 641 642 643 644 645 646 647 648 649 650 
4 29 54 79 104 129 154 179 204 229 254 279 304 329 354 379 404 429 454 479 504 529 554 579 604 650 
27 52 77 102 127 152 177 202 227 252 277 302 327 352 377 402 427 452 477 502 527 552 577 602 650 
28 53 78 103 128 153 178 203 228 253 278 303 328 353 378 403 428 453 478 503 528 553 578 603 650 
1 26 51 76 101 126 151 176 201 226 251 276 301 326 351 376 401 426 451 476 501 526 551 576 601 650 
15 40 65 90 115 140 165 190 215 240 265 290 315 340 365 390 415 440 465 490 515 540 565 590 615 650 
13 38 63 88 113 138 163 188 213 238 263 288 313 338 363 388 413 438 463 488 513 538 563 588 613 650 
8 33 58 83 108 133 158 183 208 233 258 283 308 333 358 383 408 433 458 483 508 533 558 583 608 650 
7 32 57 82 107 132 157 182 207 232 257 282 307 332 357 382 407 432 457 482 507 532 557 582 607 650 
12 37 62 87 112 137 162 187 212 237 262 287 312 337 362 387 412 437 462 487 512 537 562 587 612 650 
20 45 70 95 120 145 170 195 220 245 270 295 320 345 370 395 420 445 470 495 520 545 570 595 620 650 
16 41 66 91 116 141 166 191 216 241 266 291 316 341 366 391 416 441 466 491 516 541 566 591 616 650 
9 34 59 84 109 134 159 184 209 234 259 284 309 334 359 384 409 434 459 484 509 534 559 584 609 650 
6 31 56 81 106 131 156 181 206 231 256 281 306 331 356 381 406 431 456 481 506 531 556 581 606 650 
19 44 69 94 119 144 169 194 219 244 269 294 319 344 369 394 419 444 469 494 519 544 569 594 619 650 
5 30 55 80 105 130 155 180 205 230 255 280 305 330 355 380 405 430 455 480 505 530 555 580 605 650 
11 36 61 86 111 136 161 186 211 236 261 286 311 336 361 386 411 436 461 486 511 536 561 586 611 650 
24 49 74 99 124 149 174 199 224 249 274 299 324 349 374 399 424 449 474 499 524 549 574 599 624 650 
21 46 71 96 121 146 171 196 221 246 271 296 321 346 371 396 421 446 471 496 521 546 571 596 621 650 
14 39 64 89 114 139 164 189 214 239 264 289 314 339 364 389 414 439 464 489 514 539 564 589 614 650 
10 35 60 85 110 135 160 185 210 235 260 285 310 335 360 385 410 435 460 485 510 535 560 585 610 650 
18 43 68 93 118 143 168 193 218 243 268 293 318 343 368 393 418 443 468 493 518 543 568 593 618 650 
23 48 73 98 123 148 173 198 223 248 273 298 323 348 373 398 423 448 473 498 523 548 573 598 623 650 
22 47 72 97 122 147 172 197 222 247 272 297 322 347 372 397 422 447 472 497 522 547 572 597 622 650 
17 42 67 92 117 142 167 192 217 242 267 292 317 342 367 392 417 442 467 492 517 542 567 592 617 650 
100 101 102 103 104 105 106 107 108 109 110 111 112 113 114 115 116 117 118 119 120 121 122 123 124 625 
4 28 52 76 100 149 173 197 221 245 269 293 317 341 365 389 413 437 461 485 509 533 557 581 605 629 
2 29 51 78 100 137 164 186 213 235 272 299 321 348 370 382 409 431 458 480 517 544 566 593 615 628 
3 26 54 77 100 143 166 194 217 240 258 281 309 332 355 398 421 449 472 495 513 536 564 587 610 627 
1 27 53 79 100 131 157 183 209 230 261 287 313 339 360 391 417 443 469 490 521 547 573 599 620 626 
15 70 85 100 144 159 199 214 229 268 283 323 338 353 392 407 447 462 477 516 531 571 586 601 645 
13 46 59 92 100 129 162 195 208 241 265 278 311 349 357 381 419 427 460 498 522 530 568 576 614 649 
8 36 69 97 100 146 154 182 210 243 264 292 320 328 356 377 405 438 466 499 515 548 551 584 612 648 
7 39 66 98 100 140 172 179 206 238 253 280 312 344 371 386 418 445 452 484 524 526 558 585 617 647 
12 49 56 93 100 148 155 192 204 236 259 291 303 335 372 390 402 439 471 483 501 538 570 582 619 646 
20 40 60 80 100 147 167 187 207 227 274 294 314 334 354 396 416 436 456 476 523 543 563 583 603 640 
16 32 73 89 100 145 161 177 218 234 254 290 306 347 363 383 424 435 451 492 512 528 569 580 621 644 
9 38 67 96 100 127 156 185 219 248 270 279 308 337 366 393 422 426 455 489 511 540 574 578 607 643 
6 37 68 99 100 139 165 196 202 233 267 298 304 330 361 395 401 432 463 494 503 534 560 591 622 642 
19 33 72 86 100 138 152 191 205 249 257 296 310 329 368 376 415 434 473 487 520 539 553 592 606 641 
5 35 65 95 100 133 163 193 223 228 256 286 316 346 351 384 414 444 474 479 507 537 567 597 602 635 
11 47 58 94 100 142 153 189 220 231 273 284 315 326 362 379 410 446 457 493 505 541 552 588 624 639 
24 43 62 81 100 141 160 184 203 247 263 282 301 345 369 380 404 448 467 486 502 546 565 589 608 638 
21 42 63 84 100 128 174 190 211 232 255 276 322 343 364 387 408 429 470 491 519 535 556 577 623 637 
14 48 57 91 100 130 169 178 212 246 251 285 324 333 367 397 406 440 454 488 518 527 561 595 609 636 
10 55 90 100 136 171 181 216 226 262 297 307 342 352 388 423 433 468 478 514 549 559 594 604 630 
18 31 74 87 100 132 170 188 201 244 271 289 302 340 358 385 403 441 459 497 504 542 555 598 611 634 
23 41 64 82 100 135 158 176 224 242 252 295 318 336 359 394 412 430 453 496 506 529 572 590 613 633 
22 44 61 83 100 134 151 198 215 237 266 288 305 327 374 378 420 442 464 481 510 532 554 596 618 632 
17 34 71 88 100 126 168 180 222 239 260 277 319 331 373 399 411 428 465 482 508 545 562 579 616 631 
51 52 53 54 55 56 57 58 59 60 61 62 63 64 65 66 67 68 69 70 71 72 73 74 625 
4 27 50 78 101 144 167 190 218 241 259 282 305 333 356 399 422 445 473 496 514 537 560 588 611 627 
2 26 50 79 103 147 171 195 224 248 267 291 315 344 368 387 411 435 464 488 507 531 555 584 608 629 
3 29 50 76 102 133 159 180 206 232 263 289 310 336 362 393 419 440 466 492 523 549 570 596 622 626 
1 28 50 77 104 136 163 185 212 239 271 298 320 347 374 381 408 430 457 484 516 543 565 592 619 628 
15 45 50 80 110 143 173 178 208 238 266 296 301 331 361 394 424 429 459 489 517 547 552 582 612 635 
13 34 50 96 117 140 161 182 203 249 272 293 314 330 351 379 420 441 462 483 506 527 573 594 610 637 
8 44 50 86 122 139 170 181 217 228 265 276 312 348 359 396 407 443 454 485 502 538 574 580 616 639 
7 41 50 89 123 128 162 196 205 244 274 283 317 326 360 390 404 438 472 481 511 545 559 593 602 636 
12 31 50 99 118 134 153 197 216 235 251 295 319 338 357 398 417 436 455 479 515 539 558 577 621 638 
20 35 50 90 105 149 164 179 219 234 273 288 303 343 358 397 412 427 467 482 521 536 551 591 606 645 
16 48 50 82 114 129 156 188 215 247 262 294 321 328 355 395 402 434 461 493 508 535 567 599 601 647 
9 42 50 88 121 145 158 191 204 237 261 299 307 340 353 377 410 448 456 494 518 526 564 597 605 649 
6 43 50 87 124 142 154 186 223 230 253 285 322 334 366 389 421 433 465 477 520 532 569 576 613 646 
19 47 50 83 111 132 160 193 221 229 270 278 306 339 367 388 416 449 452 480 501 534 562 590 623 648 
5 40 50 85 120 131 166 176 211 246 257 292 302 337 372 383 418 428 463 498 509 544 554 589 624 630 
11 33 50 97 119 148 165 187 209 226 255 277 324 341 363 392 414 431 453 495 504 546 568 585 607 632 
24 37 50 93 106 138 151 194 207 245 252 290 308 346 364 391 409 447 460 478 505 548 561 579 617 634 
21 38 50 92 109 130 172 189 201 243 269 281 323 335 352 378 415 432 474 486 512 529 566 583 620 631 
14 32 50 98 116 126 174 192 210 233 268 286 309 327 370 380 403 446 469 487 522 540 563 581 604 633 
10 30 50 95 115 137 157 177 222 242 264 284 304 349 369 386 406 426 471 491 513 533 553 598 618 640 
18 49 50 81 112 146 152 183 214 240 254 280 311 342 373 382 413 444 470 476 510 541 572 578 609 642 
23 39 50 91 107 127 168 184 220 236 256 297 313 329 365 385 401 442 458 499 519 530 571 587 603 644 
22 36 50 94 108 141 155 199 213 227 260 279 318 332 371 384 423 437 451 490 503 542 556 595 614 641 
17 46 50 84 113 135 169 198 202 231 258 287 316 345 354 376 405 439 468 497 524 528 557 586 615 643 
76 77 78 79 80 81 82 83 84 85 86 87 88 89 90 91 92 93 94 95 96 97 98 99 625 
4 26 53 75 102 139 161 188 210 237 274 296 323 345 372 384 406 433 455 482 519 541 568 590 617 628 
2 28 54 75 101 132 158 184 205 231 262 288 314 335 361 392 418 444 465 491 522 548 574 595 621 626 
3 27 51 75 104 148 172 196 220 249 268 292 316 340 369 388 412 436 460 489 508 532 556 580 609 629 
1 29 52 75 103 141 169 192 215 243 256 284 307 330 358 396 424 447 470 498 511 539 562 585 613 627 
15 35 55 75 120 142 162 182 202 247 269 289 309 329 374 391 411 431 451 496 518 538 558 578 623 640 
13 42 71 75 109 131 160 194 223 227 254 283 312 341 370 397 401 430 464 493 515 549 553 582 611 643 
8 47 61 75 119 127 166 180 224 238 271 285 304 343 357 390 409 448 462 476 514 528 567 581 620 641 
7 48 64 75 116 136 152 193 209 245 265 281 322 338 354 399 410 426 467 483 503 544 555 596 612 644 
12 43 74 75 106 140 171 177 208 239 273 279 305 336 367 376 407 438 469 495 509 535 566 597 603 642 
20 30 65 75 110 146 156 191 201 236 272 282 317 327 362 398 408 443 453 488 524 534 569 579 614 630 
16 39 57 75 123 133 151 199 217 235 270 293 311 334 352 387 405 428 471 494 504 547 565 588 606 633 
9 46 63 75 117 143 155 197 214 226 252 294 306 348 360 386 403 440 457 499 520 537 554 591 608 631 
6 49 62 75 118 145 163 176 219 232 264 277 315 333 371 378 416 434 472 485 517 530 573 586 604 634 
19 36 58 75 122 126 173 190 212 234 263 280 302 349 366 395 417 439 456 478 507 529 571 593 610 632 
5 45 60 75 115 134 174 189 204 244 258 298 313 328 368 382 422 437 452 492 506 546 561 576 616 645 
11 44 72 75 108 129 157 185 218 246 267 295 303 331 364 380 413 441 474 477 523 526 559 587 615 648 
24 31 68 75 112 130 167 179 211 248 266 278 310 347 359 377 414 446 458 490 513 545 557 594 601 646 
21 34 67 75 113 137 170 183 216 229 253 286 324 332 365 394 402 435 473 481 505 543 551 589 622 649 
14 41 73 75 107 147 154 181 213 240 255 287 319 346 353 393 420 427 459 486 501 533 560 592 624 647 
10 40 70 75 105 138 168 198 203 233 261 291 321 326 356 389 419 449 454 484 512 542 572 577 607 635 
18 37 56 75 124 135 159 178 222 241 257 276 320 344 363 379 423 442 461 480 521 540 564 583 602 638 
23 32 66 75 114 144 153 187 221 230 260 299 308 342 351 381 415 429 463 497 502 536 570 584 618 636 
22 33 69 75 111 128 164 195 206 242 259 290 301 337 373 385 421 432 468 479 516 527 563 599 605 639 
17 38 59 75 121 149 165 186 207 228 251 297 318 339 355 383 404 445 466 487 510 531 552 598 619 637 
25 26 27 28 29 30 31 32 33 34 35 36 37 38 39 40 41 42 43 44 45 46 47 48 49 625 
4 25 51 77 103 134 155 181 207 233 264 285 311 337 363 394 415 441 467 493 524 545 571 597 623 626 
2 25 53 76 104 142 165 193 216 244 257 280 308 331 359 397 420 448 471 499 512 535 563 586 614 627 
3 25 52 79 101 138 160 187 214 236 273 295 322 349 371 383 405 432 459 481 518 540 567 594 616 628 
1 25 54 78 102 146 170 199 223 247 266 290 319 343 367 386 410 439 463 487 506 530 559 583 607 629 
15 25 60 95 141 151 186 221 231 267 277 312 347 357 393 403 438 473 483 519 529 564 599 609 630 
13 25 67 84 121 147 164 176 218 230 256 298 310 327 369 390 407 449 461 478 504 541 558 595 612 631 
8 25 72 94 111 140 162 184 201 248 252 299 316 338 355 389 406 428 470 492 521 543 560 582 604 632 
7 25 73 91 114 149 167 185 208 226 261 284 302 345 368 378 421 444 462 480 515 538 556 579 622 633 
12 25 68 81 124 126 169 182 220 238 265 283 321 339 352 384 422 435 453 491 523 536 554 592 605 634 
20 25 55 85 115 148 153 183 213 243 271 276 306 336 366 399 404 434 464 494 522 527 557 587 617 635 
16 25 64 98 107 137 171 180 219 228 258 292 301 335 374 379 413 447 456 490 520 534 568 577 611 636 
9 25 71 92 113 136 157 178 224 240 268 289 305 326 372 395 416 437 458 479 502 548 569 585 606 637 
6 25 74 93 112 128 172 191 210 234 270 294 313 332 351 392 411 430 454 498 514 533 552 596 615 638 
19 25 61 97 108 145 156 192 203 239 251 287 323 334 365 382 418 429 460 496 513 549 555 591 602 639 
5 25 70 90 110 132 152 197 217 237 259 279 324 344 364 381 401 446 466 486 508 528 573 593 613 640 
11 25 69 83 122 130 174 188 202 241 254 293 307 346 360 398 412 426 465 484 517 531 570 589 603 641 
24 25 56 87 118 127 158 189 215 246 255 286 317 348 354 388 419 445 451 482 516 547 553 584 610 642 
21 25 59 88 117 144 173 177 206 235 262 291 320 329 358 380 414 443 472 476 503 532 561 590 624 643 
14 25 66 82 123 143 159 195 211 227 272 288 304 340 356 376 417 433 474 485 505 546 562 578 619 644 
10 25 65 80 139 154 194 209 249 263 278 318 333 373 387 402 442 457 497 511 526 566 581 621 645 
18 25 62 99 106 129 161 198 205 242 260 297 309 341 353 396 408 440 452 489 507 544 551 588 620 646 
23 25 57 89 116 131 163 190 222 229 269 296 303 330 362 377 409 436 468 495 510 542 574 576 608 647 
22 25 58 86 119 135 168 196 204 232 253 281 314 342 370 391 424 427 455 488 509 537 565 598 601 648 
17 25 63 96 109 133 166 179 212 245 274 282 315 328 361 385 423 431 469 477 501 539 572 580 618 649 
375 376 377 378 379 380 381 382 383 384 385 386 387 388 389 390 391 392 393 394 395 396 397 398 399 625 
4 49 69 89 109 171 191 211 231 253 298 318 338 358 375 420 440 460 480 502 547 567 587 607 640 
2 37 72 82 117 128 163 198 208 243 254 289 324 334 369 375 410 445 455 490 501 536 571 581 616 630 
3 43 58 98 113 127 167 182 222 237 251 291 306 346 361 375 415 430 470 485 504 544 559 599 614 645 
1 31 61 91 121 159 189 219 249 252 282 312 342 372 375 405 435 465 495 503 533 563 593 623 635 
15 44 68 92 116 135 164 188 212 236 255 284 308 332 356 375 404 428 452 476 520 549 573 597 621 629 
13 29 65 81 122 142 158 199 210 226 271 287 303 344 355 375 416 432 473 489 509 545 561 577 618 644 
8 46 64 77 115 147 160 178 216 234 261 279 317 330 373 375 418 431 474 487 519 532 570 588 601 634 
7 40 53 86 124 148 156 194 202 235 264 297 305 343 351 375 413 446 459 492 516 529 562 595 608 649 
12 48 59 90 101 143 154 185 221 232 274 280 316 327 363 375 411 447 458 494 506 542 553 589 620 639 
20 47 74 96 123 130 157 184 206 233 265 292 319 341 368 375 402 429 451 478 510 537 564 586 613 628 
16 45 54 83 112 139 168 197 201 230 257 286 315 349 353 375 409 438 467 496 523 527 556 585 619 643 
9 27 70 93 111 146 169 187 205 228 263 281 304 347 365 375 423 441 464 482 517 535 558 576 624 633 
6 39 67 95 103 149 152 180 213 241 262 290 323 326 359 375 408 436 469 497 518 546 554 582 610 648 
19 38 57 76 120 136 155 179 223 242 258 277 321 340 364 375 424 443 462 481 522 541 560 584 603 638 
5 33 56 84 107 145 173 196 224 247 260 288 311 339 362 375 403 426 454 477 515 543 566 594 617 627 
11 42 73 79 105 144 170 176 207 238 272 278 309 335 366 375 406 437 468 499 508 539 565 596 602 642 
24 41 63 80 102 131 153 195 217 239 268 285 307 329 371 375 422 444 461 483 512 534 551 598 615 632 
21 28 55 87 119 134 161 193 220 227 267 299 301 333 360 375 407 439 466 498 513 540 572 579 606 647 
14 30 51 97 118 141 162 183 204 245 273 294 310 331 352 375 421 442 463 484 507 528 574 590 611 637 
10 36 62 88 114 140 166 192 218 244 270 296 322 348 374 375 401 427 453 479 505 531 557 583 609 626 
18 32 71 85 104 137 151 190 209 248 256 295 314 328 367 375 419 433 472 486 524 538 552 591 605 641 
23 35 52 94 106 132 174 186 203 240 266 283 320 337 354 375 417 434 471 488 514 526 568 580 622 631 
22 34 66 78 110 133 165 177 214 246 269 276 313 345 357 375 412 449 456 493 511 548 555 592 604 646 
17 26 60 99 108 138 172 181 215 229 259 293 302 336 370 375 414 448 457 491 521 530 569 578 612 636 
325 326 327 328 329 330 331 332 333 334 335 336 337 338 339 340 341 342 343 344 345 346 347 348 349 625 
4 48 67 86 105 146 165 189 208 227 268 287 306 325 374 385 409 428 472 491 507 526 570 594 613 638 
2 39 71 83 115 138 170 182 219 226 274 281 318 325 362 380 417 429 461 498 516 528 560 597 609 646 
3 41 59 97 110 142 155 198 211 229 256 299 312 325 368 395 413 426 469 482 514 527 565 583 621 634 
1 32 63 94 120 134 160 191 222 228 262 293 324 325 356 390 421 427 458 489 523 529 555 586 617 642 
15 34 73 87 101 139 153 192 206 245 258 297 311 325 369 377 416 430 474 488 521 535 554 593 607 641 
13 37 61 85 114 133 157 181 205 234 253 277 301 325 354 398 422 446 470 499 518 542 566 590 619 629 
8 29 70 91 112 135 156 177 223 244 267 288 309 325 371 399 415 436 457 478 501 547 568 589 605 637 
7 47 62 77 117 131 171 186 201 241 255 295 310 325 365 384 424 439 454 494 508 548 563 578 618 645 
12 30 53 96 119 129 172 190 213 231 266 289 307 325 373 383 401 449 467 485 520 543 561 584 602 633 
20 42 64 81 103 132 154 196 218 235 269 286 308 325 372 376 423 440 462 484 513 530 552 599 616 632 
16 36 56 76 121 143 163 183 203 248 265 285 305 325 370 392 412 432 452 497 519 539 559 579 624 640 
9 31 58 80 107 144 166 193 215 242 254 276 303 325 352 389 411 438 460 487 524 546 573 595 622 628 
6 40 54 88 122 127 161 195 209 243 273 282 316 325 364 394 403 437 471 480 510 549 558 592 601 636 
19 27 60 98 106 130 168 176 214 247 271 284 317 325 363 387 420 433 466 479 503 536 574 582 615 649 
5 38 66 99 102 148 151 184 212 240 261 294 322 325 358 379 407 435 468 496 517 545 553 581 614 648 
11 28 65 82 124 145 162 179 216 233 259 296 313 325 367 393 405 447 464 476 502 544 556 598 610 631 
24 35 51 92 108 128 169 180 221 237 257 298 314 325 366 386 402 443 459 495 515 531 572 588 604 644 
21 49 72 95 123 136 164 187 210 238 251 279 302 325 353 391 419 442 465 493 506 534 557 580 608 627 
14 44 74 79 109 137 167 197 202 232 260 290 320 325 355 388 418 448 453 483 511 541 571 576 606 635 
10 46 57 93 104 141 152 188 224 230 272 283 319 325 361 378 414 445 456 492 509 540 551 587 623 639 
18 45 52 84 111 126 158 185 217 249 264 291 323 325 357 397 404 431 463 490 505 537 569 596 603 647 
23 33 68 78 113 149 159 194 204 239 270 280 315 325 360 396 406 441 451 486 522 532 567 577 612 630 
22 26 55 89 118 140 174 178 207 236 263 292 321 325 359 381 410 444 473 477 504 533 562 591 620 643 
17 43 69 90 116 147 173 199 220 246 252 278 304 325 351 382 408 434 455 481 512 538 564 585 611 626 
200 201 202 203 204 205 206 207 208 209 210 211 212 213 214 215 216 217 218 219 220 221 222 223 224 625 
4 47 65 88 106 141 164 182 200 248 258 276 324 342 360 395 418 436 459 477 512 530 553 596 619 633 
2 36 70 84 118 148 157 191 200 239 269 278 312 346 355 385 424 433 467 476 506 540 554 588 622 636 
3 44 55 96 112 132 173 189 200 241 261 277 318 334 370 390 406 447 463 479 524 535 551 592 608 644 
1 33 60 92 124 139 166 198 200 232 272 279 306 338 365 380 412 444 471 478 518 545 552 584 611 647 
15 49 53 82 111 138 167 196 200 234 256 285 319 348 352 379 408 437 466 495 522 526 555 589 618 643 
13 45 57 94 101 149 156 193 200 237 255 292 304 336 373 391 403 435 472 484 502 539 571 583 615 646 
8 32 56 80 109 128 152 176 200 229 273 297 321 345 374 393 417 441 465 494 513 537 561 585 614 629 
7 29 71 93 110 144 161 200 247 251 298 315 337 359 388 405 427 474 491 520 542 564 581 603 632 
12 42 72 77 107 135 165 195 200 230 263 293 323 328 358 386 416 446 451 481 514 544 574 579 609 635 
20 37 54 91 108 134 171 188 200 242 268 280 322 339 351 377 419 431 473 485 511 528 565 582 624 631 
16 27 63 99 105 147 158 194 200 236 253 289 320 331 367 384 415 426 462 498 510 546 557 593 604 639 
9 35 66 97 103 137 168 199 200 231 265 296 302 333 364 398 404 430 461 492 501 532 563 594 620 642 
6 46 61 76 116 130 170 185 200 240 259 299 314 329 369 383 423 438 453 493 507 547 562 577 617 645 
19 41 68 90 117 129 151 178 200 227 264 286 313 335 362 399 421 448 470 497 509 531 558 580 607 628 
5 43 51 89 122 146 159 192 200 238 262 295 308 341 354 378 411 449 457 490 519 527 560 598 606 649 
11 39 62 85 113 126 154 177 200 228 266 294 317 340 368 381 409 432 455 483 521 549 572 595 623 627 
24 34 69 79 114 145 155 190 200 235 271 281 316 326 361 397 407 442 452 487 523 533 568 578 613 630 
21 40 64 83 102 143 162 181 200 249 260 284 303 347 366 382 401 445 469 488 504 548 567 586 605 638 
14 28 67 81 120 133 172 186 200 244 252 291 305 349 363 396 410 429 468 482 515 534 573 587 601 641 
10 31 52 98 119 142 163 184 200 246 274 290 311 332 353 376 422 443 464 480 508 529 570 591 612 637 
18 38 58 78 123 140 160 180 200 245 267 287 307 327 372 394 414 434 454 499 516 536 556 576 621 640 
23 26 59 87 115 136 169 200 233 254 282 310 343 371 392 420 428 456 489 505 538 566 599 602 648 
22 48 74 95 121 127 153 179 200 226 257 283 309 330 356 387 413 439 460 486 517 543 569 590 616 626 
17 30 73 86 104 131 174 187 200 243 270 288 301 344 357 389 402 440 458 496 503 541 559 597 610 634 
175 176 177 178 179 180 181 182 183 184 185 186 187 188 189 190 191 192 193 194 195 196 197 198 199 625 
4 46 68 85 107 136 158 175 222 244 273 290 312 334 351 380 402 449 466 488 517 539 556 578 620 632 
2 38 74 80 116 133 169 175 211 247 264 295 306 342 353 390 401 437 473 484 521 532 568 579 610 639 
3 42 56 95 114 147 161 175 219 233 266 280 324 338 352 385 404 443 457 496 509 548 562 576 615 641 
1 34 62 90 123 144 172 175 208 236 257 285 318 346 354 395 403 431 464 492 513 541 574 577 605 648 
15 39 58 77 121 137 156 175 224 243 259 278 322 341 360 376 420 444 463 482 523 542 561 580 604 638 
13 33 53 98 118 135 155 175 220 240 262 282 302 347 367 389 409 429 474 494 511 531 551 596 616 640 
8 35 67 99 101 141 173 175 239 254 281 313 340 372 387 419 446 453 480 520 527 559 586 618 647 
7 31 55 84 108 127 151 175 204 228 272 296 320 349 373 392 416 440 469 493 512 536 560 589 613 629 
12 29 66 83 120 146 163 175 217 234 255 297 314 326 368 394 406 448 460 477 503 540 557 599 611 631 
20 32 69 76 113 131 168 175 212 249 267 279 311 348 355 378 410 447 459 491 514 546 558 590 602 646 
16 43 65 92 119 126 153 175 202 229 261 288 310 337 364 396 423 445 472 499 506 533 555 582 609 628 
9 44 54 89 124 130 165 175 210 245 256 291 301 336 371 382 417 427 462 497 508 543 553 588 623 630 
6 27 73 94 110 138 159 175 221 242 265 286 307 328 374 397 418 439 455 476 504 545 566 587 608 637 
19 30 71 87 103 148 164 175 216 232 252 293 309 345 361 381 422 438 454 490 510 526 567 583 624 644 
5 48 61 79 117 149 162 175 218 231 263 276 319 332 370 377 415 433 471 489 516 534 572 585 603 634 
11 45 59 93 102 132 166 175 214 248 253 287 321 330 369 399 408 442 451 485 515 529 563 597 606 636 
24 28 57 86 115 142 171 175 209 238 260 294 323 327 356 383 412 441 470 479 501 530 564 593 622 643 
21 36 51 91 106 145 160 175 215 230 274 289 304 344 359 398 413 428 468 483 522 537 552 592 607 645 
14 37 60 88 111 129 152 175 203 226 269 292 315 343 366 384 407 430 458 481 524 547 570 598 621 627 
10 41 72 78 109 143 174 175 206 237 271 277 308 339 365 379 405 436 467 498 507 538 569 595 601 642 
18 26 64 97 105 134 167 175 213 246 270 283 316 329 362 386 424 432 465 478 502 535 573 581 619 649 
23 49 70 96 122 128 154 175 201 227 258 284 305 331 357 388 414 435 461 487 518 544 565 591 617 626 
22 40 63 81 104 139 157 175 241 251 299 317 335 358 393 411 434 452 495 505 528 571 594 612 633 
17 47 52 82 112 140 170 175 205 235 268 298 303 333 363 391 421 426 456 486 519 549 554 584 614 635 
300 301 302 303 304 305 306 307 308 309 310 311 312 313 314 315 316 317 318 319 320 321 322 323 324 625 
4 45 66 87 108 131 152 198 219 235 263 284 300 346 367 390 411 432 453 499 522 543 564 580 601 637 
2 35 73 81 119 143 151 189 222 230 259 292 300 338 371 395 408 441 454 487 511 549 557 590 603 649 
3 40 57 99 111 137 154 191 208 245 271 288 300 342 359 380 422 439 451 493 519 531 573 585 602 631 
1 30 64 93 122 149 153 182 211 240 267 296 300 334 363 385 419 448 452 481 508 537 566 595 604 643 
15 29 63 97 106 136 170 184 218 227 257 291 300 339 373 378 412 446 455 494 524 533 567 576 610 636 
13 41 74 77 105 126 159 187 215 248 269 297 300 333 361 382 410 443 471 479 520 528 556 589 617 648 
8 43 53 88 123 134 169 179 214 249 255 290 300 335 370 381 416 426 461 496 507 542 552 587 622 630 
7 38 69 95 101 135 166 197 203 234 268 299 300 331 362 396 402 433 464 490 504 530 561 592 623 642 
12 36 60 89 113 132 156 180 209 233 252 276 300 329 353 397 421 445 474 498 517 541 565 594 618 629 
20 27 59 86 118 133 160 192 224 226 266 298 300 332 364 379 406 438 465 497 512 544 571 578 605 647 
16 34 72 85 103 130 173 186 204 242 274 287 300 343 356 388 401 444 457 495 502 540 558 596 614 634 
9 48 62 76 115 128 167 181 220 239 272 286 300 344 358 391 405 449 463 477 510 529 568 582 621 641 
6 33 55 82 109 141 168 190 217 244 251 278 300 327 354 386 413 435 462 489 521 548 570 597 624 628 
19 49 54 84 114 142 172 177 207 237 265 295 300 330 360 393 423 428 458 488 516 546 551 581 611 635 
5 28 71 94 112 147 165 188 206 229 264 282 300 348 366 376 424 442 460 483 518 536 559 577 620 633 
11 31 51 96 116 138 158 178 223 243 260 280 300 345 365 387 407 427 472 492 514 534 554 599 619 640 
24 47 70 98 121 139 162 185 213 236 254 277 300 328 351 394 417 440 468 491 509 532 555 583 606 627 
21 32 68 79 110 127 163 199 205 241 258 294 300 336 372 389 420 431 467 478 515 526 562 598 609 639 
14 46 58 90 102 145 157 194 201 238 256 293 300 337 374 392 404 436 473 480 503 535 572 584 616 646 
10 26 67 83 124 144 155 196 212 228 273 289 300 341 357 377 418 434 470 486 506 547 563 579 615 644 
18 44 65 91 117 148 174 195 221 247 253 279 300 326 352 383 409 430 456 482 513 539 560 586 612 626 
23 42 61 80 104 140 164 183 202 246 262 281 300 349 368 384 403 447 466 485 501 545 569 588 607 638 
22 37 52 92 107 146 161 176 216 231 270 285 300 340 355 399 414 429 469 484 523 538 553 593 608 645 
17 39 56 78 120 129 171 193 210 232 261 283 300 347 369 398 415 437 459 476 505 527 574 591 613 632 
500 501 502 503 504 505 506 507 508 509 510 511 512 513 514 515 516 517 518 519 520 521 522 523 524 625 
4 44 59 99 114 128 168 183 223 238 252 292 307 347 362 376 416 431 471 486 500 540 555 595 610 645 
2 47 67 87 107 129 174 194 214 234 251 296 316 336 356 378 423 443 463 483 500 545 565 585 605 640 
3 33 63 93 123 126 156 186 216 246 254 284 314 344 374 377 407 437 467 497 500 530 560 590 620 635 
1 36 71 81 116 127 162 197 207 242 253 288 323 333 368 379 414 449 459 494 500 535 570 580 615 630 
15 43 66 94 117 130 158 181 209 232 270 298 321 349 372 385 413 436 464 487 500 528 551 579 602 627 
13 40 72 79 106 146 153 180 212 244 259 286 318 345 352 392 424 426 458 485 500 532 564 591 623 647 
8 39 65 96 102 136 167 198 204 230 269 295 301 332 363 397 403 434 460 491 500 531 562 593 624 642 
7 28 74 90 111 139 155 176 222 243 266 287 308 329 370 398 419 435 456 477 500 546 567 588 609 637 
12 34 51 98 115 149 166 188 205 227 256 278 320 342 364 393 410 432 454 496 500 547 569 586 608 632 
20 49 73 97 121 140 169 193 217 241 289 313 337 361 380 409 433 457 481 500 529 553 577 601 629 
16 29 62 95 108 132 165 178 211 249 273 281 319 327 360 389 422 430 468 476 500 538 571 584 617 649 
9 45 61 77 118 138 154 190 206 247 267 283 324 335 351 396 412 428 469 480 500 541 557 598 614 644 
6 42 53 89 120 137 173 184 215 226 268 279 310 346 357 399 405 441 452 488 500 536 572 583 619 639 
19 32 70 88 101 133 171 189 202 240 272 285 303 341 359 386 404 442 455 498 500 543 556 599 612 634 
5 31 57 83 109 135 161 187 213 239 291 317 343 369 395 421 447 473 499 500 526 552 578 604 626 
11 48 55 92 104 147 159 191 203 235 258 290 302 339 371 394 401 438 470 482 500 537 574 581 618 646 
24 38 52 91 105 143 157 196 210 229 262 276 315 334 373 381 420 439 453 492 500 544 558 597 611 641 
21 30 69 78 112 142 151 185 224 233 263 297 306 340 354 384 418 427 461 495 500 539 573 582 616 636 
14 26 68 80 122 148 160 177 219 231 257 299 311 328 365 391 408 445 462 479 500 542 559 596 613 631 
10 37 64 86 113 145 172 199 221 248 255 282 309 331 358 390 417 444 466 493 500 527 554 576 603 628 
18 46 54 82 110 131 164 192 220 228 274 277 305 338 366 387 415 448 451 484 500 533 561 594 622 648 
23 27 56 85 119 141 170 179 208 237 264 293 322 326 355 382 411 440 474 478 500 534 563 592 621 643 
22 41 60 84 103 144 163 182 201 245 261 280 304 348 367 383 402 446 465 489 500 549 568 587 606 638 
17 35 58 76 124 134 152 195 218 236 271 294 312 330 353 388 406 429 472 490 500 548 566 589 607 633 
400 401 402 403 404 405 406 407 408 409 410 411 412 413 414 415 416 417 418 419 420 421 422 423 424 625 
4 43 57 96 110 148 162 176 215 234 267 281 320 339 353 386 400 444 458 497 505 549 563 577 616 641 
2 49 66 88 105 139 156 178 220 242 271 293 310 332 354 383 400 447 469 486 515 537 559 576 623 632 
3 31 64 92 120 141 174 177 205 238 259 287 315 348 351 397 400 433 461 494 510 543 571 579 607 648 
1 37 73 84 115 132 168 179 210 246 263 299 305 341 352 394 400 436 472 483 520 531 567 578 614 639 
15 33 71 89 102 134 172 185 203 241 273 286 304 342 355 387 400 443 456 499 501 544 557 595 613 634 
13 28 68 83 123 137 152 192 207 247 261 276 316 331 371 385 400 440 455 495 514 529 569 584 624 645 
8 42 51 85 124 129 163 197 206 240 270 284 318 327 361 391 400 439 473 482 512 546 555 594 603 636 
7 30 58 81 109 147 170 198 221 249 262 285 313 336 364 377 400 428 451 479 517 540 568 591 619 627 
12 41 70 79 108 130 164 193 222 226 253 282 311 340 374 396 400 434 463 492 519 548 552 581 610 643 
20 44 63 82 101 142 161 180 204 248 264 283 302 346 365 381 400 449 468 487 503 547 566 585 609 638 
16 40 69 93 117 136 160 189 213 237 256 280 309 333 357 376 400 429 453 477 521 545 574 598 622 629 
9 29 74 94 114 131 151 196 216 236 258 278 323 343 363 380 400 445 465 485 507 527 572 592 612 640 
6 48 60 77 119 140 157 199 211 228 254 291 308 345 362 388 400 442 459 496 522 539 551 593 605 631 
19 46 53 80 112 127 159 186 218 245 260 292 324 326 358 398 400 432 464 491 506 538 565 597 604 647 
5 36 67 98 104 138 169 195 201 232 266 297 303 334 360 399 400 431 462 493 502 533 564 590 621 642 
11 34 52 95 118 128 171 194 212 230 265 288 306 329 372 382 400 448 466 489 524 542 560 583 601 633 
24 32 65 78 111 135 173 181 219 227 251 289 322 330 368 392 400 438 471 484 508 541 554 587 620 649 
21 26 56 86 116 149 154 184 214 244 272 277 307 337 367 395 400 430 460 490 523 528 558 588 618 635 
14 35 61 87 113 144 165 191 217 243 274 295 321 347 373 379 400 426 452 478 509 530 556 582 608 626 
10 47 59 91 103 146 158 190 202 239 257 294 301 338 370 393 400 437 474 481 504 536 573 580 617 646 
18 39 55 76 122 145 166 187 208 229 252 298 319 335 356 384 400 446 467 488 511 532 553 599 615 637 
23 45 72 99 121 133 155 182 209 231 268 290 317 344 366 378 400 427 454 476 513 535 562 589 611 628 
22 38 54 90 106 126 167 183 224 235 255 296 312 328 369 389 400 441 457 498 518 534 570 586 602 644 
17 27 62 97 107 143 153 188 223 233 269 279 314 349 359 390 400 435 470 480 516 526 561 596 606 630 
225 226 227 228 229 230 231 232 233 234 235 236 237 238 239 240 241 242 243 244 245 246 247 248 249 625 
4 42 55 98 111 143 156 199 212 225 257 295 313 326 369 396 414 427 465 483 510 528 566 584 622 634 
2 46 65 89 108 149 168 187 206 225 266 285 309 328 372 388 407 426 470 494 505 529 573 592 611 638 
3 34 60 91 122 131 162 193 224 225 264 290 321 327 358 392 423 429 455 486 520 526 557 588 619 642 
1 38 70 82 119 137 174 181 218 225 273 280 317 329 361 384 416 428 460 497 515 527 564 596 608 646 
15 48 51 84 112 133 161 194 222 225 271 279 307 335 368 389 417 445 453 481 502 530 563 591 624 648 
13 36 64 87 110 128 151 179 202 225 268 291 319 342 365 383 406 434 457 480 523 546 574 597 620 627 
8 45 62 79 116 142 159 196 213 225 251 293 305 347 364 385 402 444 456 498 524 536 553 590 607 631 
7 37 67 97 102 130 160 190 220 225 258 288 318 348 353 381 411 441 471 476 509 539 569 599 604 635 
12 28 69 80 121 141 157 198 214 225 270 286 302 343 359 379 415 431 472 488 508 549 560 576 617 644 
20 39 53 92 106 144 158 197 211 225 263 277 316 330 374 382 421 435 454 493 501 540 559 598 612 641 
16 31 71 86 101 140 155 195 210 225 269 284 324 339 354 393 408 448 463 478 517 532 572 587 602 645 
9 33 57 81 105 129 153 177 201 225 274 298 322 346 370 394 418 442 466 490 514 538 562 586 610 629 
6 29 72 90 113 148 166 189 207 225 260 283 301 349 367 377 420 443 461 484 519 537 555 578 621 633 
19 35 56 77 123 146 167 188 209 225 253 299 315 336 357 380 401 447 468 489 512 533 554 595 616 637 
5 41 52 88 124 136 172 183 219 225 267 278 314 345 356 398 409 440 451 487 504 535 571 582 618 639 
11 40 74 78 107 134 163 192 221 225 252 281 310 344 373 395 404 433 462 491 518 547 551 580 614 643 
24 26 58 85 117 132 164 191 223 225 265 297 304 331 363 378 405 437 469 496 511 543 570 577 609 647 
21 47 73 99 120 126 152 178 204 225 256 282 308 334 355 386 412 438 464 485 516 542 568 594 615 626 
14 49 59 94 104 135 170 180 215 225 261 296 306 341 351 387 422 432 467 477 513 548 558 593 603 630 
10 32 54 96 118 147 169 186 208 225 259 276 323 340 362 391 413 430 452 499 503 545 567 589 606 632 
18 27 61 95 109 139 173 182 216 225 255 294 303 337 371 376 410 449 458 492 522 531 565 579 613 636 
23 43 63 83 103 145 165 185 205 225 272 292 312 332 352 399 419 439 459 479 521 541 561 581 601 640 
22 30 68 76 114 138 171 184 217 225 254 287 320 333 366 390 403 436 474 482 506 544 552 585 623 649 
17 44 66 93 115 127 154 176 203 225 262 289 311 338 360 397 424 446 473 495 507 534 556 583 605 628 
150 151 152 153 154 155 156 157 158 159 160 161 162 163 164 165 166 167 168 169 170 171 172 173 174 625 
4 41 58 95 112 138 150 192 209 246 272 289 301 343 355 381 423 435 452 494 515 532 574 586 603 631 
2 48 69 85 106 134 150 196 217 238 261 282 303 349 365 393 414 430 451 497 520 541 562 583 604 637 
3 32 61 90 124 146 150 184 213 242 269 298 302 331 360 387 416 445 454 483 505 539 568 597 601 643 
1 39 72 80 118 142 150 188 221 234 258 291 304 337 370 399 407 440 453 486 510 548 556 594 602 649 
15 38 56 79 122 132 150 198 216 239 274 292 310 333 351 386 409 427 470 493 503 546 569 587 605 633 
13 49 55 91 102 144 150 186 222 233 270 281 317 328 364 376 412 448 459 490 507 543 554 585 621 639 
8 28 73 93 113 130 150 195 215 235 257 277 322 342 362 384 404 449 469 489 506 526 571 591 611 640 
7 44 51 88 120 143 150 187 224 231 254 286 323 330 367 385 422 434 466 478 521 533 565 577 614 646 
12 35 63 86 114 127 150 178 201 229 267 290 318 341 369 382 405 433 456 484 522 545 573 596 624 627 
20 34 68 77 111 141 150 189 223 232 262 296 305 344 353 383 417 426 460 499 504 538 572 581 615 636 
16 47 53 84 110 149 150 181 212 243 252 283 314 340 371 380 411 442 473 479 513 544 570 576 607 642 
9 37 65 98 101 147 150 183 211 244 260 293 321 329 357 378 406 439 467 495 516 549 552 580 613 648 
6 30 59 83 107 126 150 179 203 227 271 295 324 348 372 391 415 444 468 492 511 535 564 588 612 629 
19 29 64 99 109 140 150 185 220 230 266 276 311 346 356 392 402 437 472 482 518 528 563 598 608 630 
5 46 62 78 119 139 150 191 207 248 268 284 320 336 352 397 413 429 465 481 501 542 558 599 610 644 
11 26 66 81 121 135 150 190 205 245 264 279 319 334 374 388 403 443 458 498 512 527 567 582 622 645 
24 45 71 97 123 129 150 176 202 228 259 280 306 332 358 389 410 436 462 488 519 540 566 592 618 626 
21 43 60 82 104 133 150 197 219 236 265 287 309 326 373 377 424 441 463 480 514 531 553 595 617 632 
14 33 52 96 115 131 150 199 218 237 253 297 316 335 359 395 419 438 457 476 517 536 555 579 623 638 
10 42 74 76 108 148 150 182 214 241 256 288 315 347 354 394 421 428 455 487 502 534 561 593 620 647 
18 40 67 94 116 128 150 177 204 226 263 285 312 339 361 398 420 447 474 496 508 530 557 584 606 628 
23 36 54 92 105 137 150 193 206 249 251 294 307 345 363 390 408 446 464 477 509 547 560 578 616 634 
22 27 57 87 117 145 150 180 210 240 273 278 308 338 368 396 401 431 461 491 524 529 559 589 619 635 
17 31 70 89 103 136 150 194 208 247 255 299 313 327 366 379 418 432 471 485 523 537 551 590 609 641 
475 476 477 478 479 480 481 482 483 484 485 486 487 488 489 490 491 492 493 494 495 496 497 498 499 625 
4 40 56 97 113 133 174 185 201 242 262 278 319 330 371 391 407 448 464 475 520 536 552 593 609 644 
2 45 68 86 109 144 162 180 203 246 256 279 322 340 363 398 416 439 457 475 510 533 551 599 617 633 
3 30 62 94 121 136 168 195 202 234 274 276 308 335 367 382 414 441 473 475 515 547 554 581 613 647 
1 35 74 83 117 147 156 190 204 238 268 277 311 345 359 389 423 432 466 475 505 544 553 587 621 636 
15 28 61 99 107 131 169 177 210 248 272 280 318 326 364 388 421 434 467 475 504 537 570 583 616 649 
13 32 51 95 119 130 154 198 217 236 252 296 315 339 358 399 418 437 456 475 516 535 559 578 622 638 
8 31 59 82 105 148 171 199 222 245 263 286 314 337 360 378 401 429 452 475 518 541 569 592 615 627 
7 46 60 79 118 126 165 184 223 237 270 289 303 342 356 394 408 447 461 475 513 527 566 580 624 641 
12 47 57 92 102 138 173 183 218 228 264 299 309 344 354 385 420 430 465 475 511 546 556 591 601 630 
20 29 58 87 116 143 172 176 205 239 261 290 324 328 357 384 413 442 471 475 502 531 560 594 623 643 
16 38 55 77 124 128 170 192 214 231 260 282 304 346 368 397 419 436 458 475 509 526 573 590 612 632 
9 41 53 85 122 140 152 189 221 233 251 288 320 332 369 387 424 431 468 475 523 530 567 579 611 646 
6 36 66 96 101 134 164 194 224 229 257 287 317 347 352 380 410 440 470 475 508 538 568 598 603 635 
19 43 67 91 115 139 163 187 211 235 259 283 307 331 355 379 403 427 451 475 524 548 572 596 620 629 
5 26 72 93 114 137 158 179 220 241 269 285 306 327 373 396 417 438 459 475 503 549 565 586 607 637 
11 37 63 89 110 141 167 193 219 240 271 297 323 349 370 376 402 428 454 475 506 532 558 584 605 626 
24 44 64 84 104 146 166 186 206 226 273 293 313 333 353 395 415 435 455 475 522 542 562 582 602 640 
21 39 52 90 108 135 153 191 209 247 254 292 305 348 361 393 406 449 462 475 507 545 563 576 619 634 
14 42 70 78 106 127 155 188 216 249 265 298 301 334 362 383 411 444 472 475 521 529 557 585 618 648 
10 27 69 81 123 149 161 178 215 232 258 295 312 329 366 392 409 446 463 475 501 543 555 597 614 631 
18 33 73 88 103 142 157 197 212 227 266 281 321 336 351 390 405 445 460 475 519 534 574 589 604 645 
23 34 65 76 112 129 160 196 207 243 255 291 302 338 374 386 422 433 469 475 517 528 564 595 606 639 
22 49 71 98 120 132 159 181 208 230 267 294 316 343 365 377 404 426 453 475 512 539 561 588 610 628 
17 48 54 80 111 145 151 182 213 244 253 284 310 341 372 381 412 443 474 475 514 540 571 577 608 642 
125 126 127 128 129 130 131 132 133 134 135 136 137 138 139 140 141 142 143 144 145 146 147 148 149 625 
4 39 74 84 119 125 160 195 205 240 251 286 321 331 366 377 412 447 457 492 503 538 573 583 618 630 
2 32 62 92 122 125 155 185 215 245 253 283 313 343 373 376 406 436 466 496 504 534 564 594 624 635 
3 48 68 88 108 125 170 190 210 230 252 297 317 337 357 379 424 444 464 484 501 546 566 586 606 640 
1 41 56 96 111 125 165 180 220 235 254 294 309 349 364 378 418 433 473 488 502 542 557 597 612 645 
15 42 69 91 118 125 152 179 201 228 260 287 314 336 363 395 422 449 471 498 505 532 559 581 608 628 
13 31 54 97 115 125 173 191 214 232 267 285 308 326 374 384 402 445 468 486 521 544 562 580 603 633 
8 27 71 90 114 125 174 193 212 231 272 291 310 334 353 394 413 432 451 495 511 530 554 598 617 638 
7 36 65 99 103 125 159 188 217 246 273 277 306 335 369 391 420 429 458 487 514 543 572 576 605 643 
12 40 73 76 109 125 158 186 219 247 268 296 304 332 360 381 414 442 470 478 524 527 555 588 616 648 
20 46 72 98 124 125 151 177 203 229 255 281 307 333 359 411 437 463 489 515 541 567 593 619 626 
16 33 70 87 104 125 167 184 221 238 264 276 318 330 372 398 410 427 469 481 507 549 561 578 615 631 
9 43 52 86 120 125 164 198 207 241 271 280 319 328 362 392 401 435 474 483 513 547 556 590 604 636 
6 45 64 78 117 125 169 183 222 236 274 288 302 341 355 393 407 446 460 479 512 526 565 584 623 641 
19 26 63 95 107 125 162 199 206 243 261 298 305 342 354 397 409 441 453 485 508 540 552 589 621 646 
5 34 58 82 106 125 154 178 202 226 270 299 323 347 371 419 443 467 491 510 539 563 587 611 629 
11 29 67 80 123 125 168 181 224 237 269 282 320 338 351 383 421 439 452 490 522 535 553 591 609 634 
24 30 66 77 113 125 161 197 208 244 256 292 303 339 370 387 423 434 465 476 518 529 560 596 607 639 
21 37 53 94 105 125 166 182 223 239 259 295 311 327 368 388 404 440 456 497 517 533 574 585 601 644 
14 47 55 93 101 125 163 196 209 242 266 279 312 345 358 382 415 428 461 499 523 531 569 577 610 649 
10 38 61 89 112 125 153 176 204 227 265 293 316 344 367 380 408 431 459 482 520 548 571 599 622 627 
18 35 57 79 121 125 172 194 211 233 262 284 301 348 365 399 416 438 455 477 506 528 570 592 614 632 
23 44 60 81 102 125 171 192 213 234 257 278 324 340 361 389 405 426 472 493 516 537 558 579 620 637 
22 28 59 85 116 125 156 187 218 249 258 289 315 346 352 386 417 448 454 480 519 545 551 582 613 642 
17 49 51 83 110 125 157 189 216 248 263 290 322 329 356 396 403 430 462 494 509 536 568 595 602 647 
275 276 277 278 279 280 281 282 283 284 285 286 287 288 289 290 291 292 293 294 295 296 297 298 299 625 
4 38 72 81 115 145 159 193 202 236 266 275 314 348 357 387 421 430 469 478 508 542 551 585 624 636 
2 34 61 93 120 135 167 199 201 233 273 275 307 339 366 381 413 440 472 479 519 546 553 580 612 647 
3 46 69 87 105 140 163 181 204 247 257 275 323 341 364 399 417 435 458 476 511 534 552 595 618 633 
1 42 58 99 110 130 171 187 203 244 264 275 316 332 373 393 409 445 461 477 522 538 554 590 606 644 
15 32 74 86 103 129 166 183 220 237 263 275 317 334 371 397 414 426 468 480 506 548 560 577 619 631 
13 44 70 76 107 141 172 178 209 235 274 275 306 337 368 377 408 439 465 496 505 536 567 598 604 642 
8 30 57 84 106 143 165 192 219 241 253 275 302 329 351 388 410 437 464 486 523 545 572 599 621 628 
7 43 54 85 121 138 174 180 216 227 269 275 311 347 358 395 406 442 453 489 501 537 573 584 615 639 
12 27 67 82 122 136 151 191 206 246 260 275 315 330 370 389 404 444 459 499 513 528 568 583 623 645 
20 41 62 83 104 127 173 194 210 231 259 275 321 342 363 386 407 428 474 490 518 539 555 576 622 637 
16 49 52 80 113 134 162 190 223 226 272 275 308 336 369 385 418 446 454 482 503 531 564 592 620 648 
9 47 60 78 116 148 161 179 217 230 262 275 318 331 374 376 419 432 470 488 515 533 571 589 602 634 
6 26 71 91 111 133 153 198 218 238 255 275 320 340 360 382 402 447 467 487 509 529 574 594 614 640 
19 40 66 92 118 149 170 196 222 248 254 275 301 327 353 384 405 431 457 483 514 535 561 587 613 626 
5 39 68 97 101 128 157 186 215 249 271 275 309 338 367 394 423 427 456 485 512 541 570 579 608 643 
11 35 64 88 112 131 155 184 208 232 251 275 304 328 352 396 420 449 473 497 516 540 569 593 617 629 
24 29 59 89 119 147 152 182 212 242 270 275 305 335 365 398 403 433 463 493 521 526 556 586 616 635 
21 33 65 77 114 132 169 176 213 245 268 275 312 349 356 379 411 448 455 492 510 547 559 591 603 646 
14 31 53 95 117 146 168 185 207 229 258 275 322 344 361 390 412 434 451 498 502 549 566 588 605 632 
10 48 56 94 102 126 164 197 205 243 267 275 313 346 359 383 416 429 462 495 524 532 565 578 611 649 
18 28 63 98 108 144 154 189 224 234 265 275 310 345 355 391 401 436 471 481 517 527 562 597 607 630 
23 37 51 90 109 142 156 195 214 228 261 275 319 333 372 380 424 438 452 491 504 543 557 596 610 641 
22 45 73 96 124 137 160 188 211 239 252 275 303 326 354 392 415 443 466 494 507 530 558 581 609 627 
17 36 55 79 123 139 158 177 221 240 256 275 324 343 362 378 422 441 460 484 520 544 563 582 601 638 
600 601 602 603 604 605 606 607 608 609 610 611 612 613 614 615 616 617 618 619 620 621 622 623 624 625 
4 37 70 83 116 140 153 186 224 232 256 294 302 335 373 397 405 443 451 489 513 546 559 592 600 649 
2 31 60 94 123 145 154 183 212 241 268 297 301 330 364 386 415 449 453 482 509 538 567 596 600 643 
3 49 65 86 107 130 151 197 218 239 262 283 304 345 366 394 410 431 452 498 521 542 563 584 600 637 
1 43 55 97 114 135 152 194 206 248 274 286 303 340 357 383 420 437 454 491 517 534 571 588 600 631 
15 47 54 81 113 128 155 187 219 246 261 293 320 327 359 399 401 433 460 492 507 539 566 598 600 647 
13 27 66 80 124 132 171 185 204 243 251 290 309 348 362 395 414 428 467 481 519 533 572 586 600 641 
8 38 68 98 103 131 161 191 221 226 259 289 319 349 354 382 412 442 472 477 505 535 565 595 600 635 
7 45 63 76 119 146 164 177 215 233 260 278 316 334 372 379 417 430 473 486 518 531 574 587 600 634 
12 39 61 88 110 147 174 196 223 245 257 284 306 333 355 392 419 441 468 490 502 529 551 578 600 628 
20 36 52 93 109 129 165 181 222 238 258 299 310 326 367 387 403 444 455 496 516 532 573 589 600 644 
16 35 59 78 122 138 157 176 220 244 255 279 323 342 361 377 421 440 464 483 524 543 562 581 600 638 
9 26 73 90 112 141 163 180 202 249 253 295 317 339 356 385 407 429 471 493 522 544 561 583 600 632 
6 32 58 84 105 136 162 188 214 235 266 292 318 344 365 396 422 448 474 495 501 527 553 579 600 626 
19 34 74 89 104 143 158 198 213 228 267 282 322 337 352 391 406 446 461 476 515 530 570 585 600 645 
5 44 53 87 121 126 160 199 208 242 272 281 315 329 363 393 402 436 470 484 514 548 557 591 600 636 
11 46 56 91 101 137 172 182 217 227 263 298 308 343 353 389 424 434 469 479 510 545 555 590 600 630 
24 48 72 96 120 144 168 192 216 240 264 288 312 336 360 384 408 432 456 480 504 528 552 576 600 629 
21 29 57 85 118 139 167 195 203 231 252 280 313 341 374 390 423 426 459 487 508 536 569 597 600 648 
14 40 71 77 108 142 173 179 205 236 270 276 307 338 369 378 409 435 466 497 506 537 568 599 600 642 
10 33 51 99 117 127 170 193 211 234 269 287 305 328 371 381 404 447 465 488 523 541 564 582 600 633 
18 41 69 92 115 133 156 184 207 230 273 296 324 347 370 388 411 439 462 485 503 526 554 577 600 627 
23 30 67 79 111 134 166 178 210 247 265 277 314 346 358 376 413 445 457 494 512 549 556 593 600 646 
22 42 62 82 102 149 169 189 209 229 271 291 311 331 351 398 418 438 458 478 520 540 560 580 600 640 
17 28 64 95 106 148 159 190 201 237 254 285 321 332 368 380 416 427 463 499 511 547 558 594 600 639 
525 526 527 528 529 530 531 532 533 534 535 536 537 538 539 540 541 542 543 544 545 546 547 548 549 625 
4 36 73 80 117 135 172 184 216 228 271 283 315 327 364 382 419 426 463 495 518 525 562 599 606 646 
2 33 64 90 121 130 161 192 223 229 263 294 320 326 357 391 422 428 459 485 524 525 556 587 618 642 
3 47 66 85 109 145 169 188 207 226 267 286 305 329 373 389 408 427 471 490 506 525 574 593 612 638 
1 44 57 95 113 140 158 196 214 227 259 297 310 328 366 398 411 429 467 480 512 525 568 581 624 634 
15 37 59 76 123 127 174 191 213 230 264 281 303 345 367 396 418 435 457 479 508 525 572 594 611 632 
13 35 62 89 111 148 170 197 224 246 258 280 307 334 356 393 415 442 469 491 503 525 552 579 601 628 
8 41 54 87 120 149 157 190 203 236 260 298 306 344 352 376 414 447 455 493 517 525 563 596 609 649 
7 27 72 92 112 134 154 199 219 239 256 276 321 341 361 383 403 448 468 488 505 525 570 590 610 640 
12 46 55 94 103 133 167 176 210 249 254 288 322 331 365 395 409 443 452 486 516 525 564 598 607 636 
20 31 67 78 114 126 162 198 209 240 257 293 304 335 371 388 424 430 466 477 519 525 561 597 608 639 
16 26 61 96 106 142 152 187 222 232 268 278 313 348 358 394 404 439 474 484 515 525 560 595 605 630 
9 30 56 82 108 139 160 186 212 238 269 290 316 342 368 399 420 446 472 498 504 525 551 577 603 626 
6 38 65 97 104 144 171 178 205 237 252 284 311 343 370 385 417 449 451 483 523 525 557 589 616 647 
19 48 52 81 110 137 166 195 204 233 255 289 318 347 351 378 407 436 465 499 521 525 559 588 617 643 
5 49 63 77 116 129 168 182 221 235 273 287 301 340 359 392 406 445 464 478 511 525 569 583 622 641 
11 32 53 99 115 143 164 180 201 247 270 291 312 333 354 377 423 444 460 481 509 525 571 592 613 637 
24 42 60 83 101 136 159 177 220 243 253 296 319 337 355 390 413 431 454 497 507 525 573 591 614 633 
21 45 74 98 122 141 165 194 218 242 261 285 314 338 362 381 405 434 458 482 501 525 554 578 602 629 
14 29 69 84 124 138 153 193 208 248 262 277 317 332 372 386 401 441 456 496 510 525 565 580 620 645 
10 43 71 79 107 128 156 189 217 245 266 299 302 330 363 384 412 440 473 476 522 525 558 586 619 648 
18 34 70 86 102 147 163 179 215 231 251 292 308 349 360 380 421 437 453 494 514 525 566 582 623 644 
23 28 58 88 118 146 151 181 211 241 274 279 309 339 369 397 402 432 462 492 520 525 555 585 615 635 
22 39 51 93 105 131 173 185 202 244 265 282 324 336 353 379 416 433 470 487 513 525 567 584 621 631 
17 40 68 91 119 132 155 183 206 234 272 295 323 346 374 387 410 438 461 489 502 525 553 576 604 627 
350 351 352 353 354 355 356 357 358 359 360 361 362 363 364 365 366 367 368 369 370 371 372 373 374 625 
4 35 71 82 118 130 166 177 213 249 261 297 308 344 350 392 403 439 470 481 523 534 565 576 612 639 
2 30 63 91 124 140 173 176 209 237 258 286 319 347 350 396 404 432 460 493 514 542 570 578 606 648 
3 45 67 89 106 135 157 179 221 243 272 294 311 333 350 384 401 448 465 487 516 538 555 577 624 632 
1 40 59 98 112 145 164 178 217 231 269 283 322 336 350 388 402 441 455 499 507 546 560 579 618 641 
15 27 64 96 108 126 163 195 207 244 262 299 306 343 350 398 405 442 454 486 509 541 553 585 622 646 
13 48 58 93 103 139 174 184 219 229 260 295 305 340 350 386 421 431 466 476 512 547 557 592 602 630 
8 49 60 76 117 137 153 194 205 246 266 282 323 339 350 395 411 427 468 484 504 540 556 597 613 644 
7 34 56 83 105 142 169 191 218 240 252 279 301 328 350 387 414 436 463 485 522 549 571 598 620 628 
12 33 54 95 116 144 160 181 202 248 271 292 313 334 350 378 424 440 461 482 505 526 572 593 614 637 
20 26 57 88 119 128 159 185 216 247 256 287 318 349 350 389 415 446 452 483 517 548 554 580 611 642 
16 42 68 94 115 146 172 198 224 245 251 277 303 329 350 381 407 433 459 480 511 537 563 589 610 626 
9 39 69 99 104 132 162 192 222 227 255 285 315 345 350 383 413 443 473 478 506 536 566 596 601 635 
6 44 52 85 123 147 155 193 201 239 263 296 309 342 350 379 412 445 458 491 515 528 561 599 607 649 
19 37 55 78 121 131 154 197 215 238 273 291 314 332 350 385 408 426 474 492 502 545 568 586 609 633 
5 29 73 92 111 127 171 190 214 233 274 293 312 331 350 391 410 434 453 497 513 532 551 595 619 638 
11 43 70 77 109 149 151 183 210 242 257 289 316 348 350 390 422 429 456 488 503 530 562 594 621 647 
24 36 53 90 107 133 170 187 204 241 267 284 321 338 350 376 418 430 472 489 510 527 569 581 623 631 
21 41 61 81 101 148 168 188 208 228 270 290 310 330 350 397 417 437 457 477 524 544 564 584 604 640 
14 38 62 86 110 134 158 182 206 230 254 278 302 326 350 399 423 447 471 495 519 543 567 591 615 629 
10 28 66 84 122 129 167 180 223 236 268 281 324 337 350 382 420 438 451 494 521 539 552 590 608 634 
18 47 51 80 114 136 165 199 203 232 259 288 317 346 350 377 406 435 469 498 520 529 558 587 616 643 
23 46 74 97 120 138 161 189 212 235 253 276 304 327 350 393 416 444 467 490 508 531 559 582 605 627 
22 31 65 79 113 143 152 186 220 234 264 298 307 341 350 380 419 428 462 496 501 535 574 583 617 636 
17 32 72 87 102 141 156 196 211 226 265 280 320 335 350 394 409 449 464 479 518 533 573 588 603 645 
250 251 252 253 254 255 256 257 258 259 260 261 262 263 264 265 266 267 268 269 270 271 272 273 274 625 
4 34 64 94 124 127 157 187 217 247 250 280 310 340 370 378 408 438 468 498 531 561 591 621 635 
2 42 57 97 112 126 166 181 221 236 250 290 305 345 360 379 419 434 474 489 503 543 558 598 613 645 
3 38 73 83 118 129 164 199 209 244 250 285 320 330 365 376 411 446 456 491 502 537 572 582 617 630 
1 46 66 86 106 128 173 193 213 233 250 295 315 335 355 377 422 442 462 482 549 569 589 609 640 
15 41 67 93 119 145 171 197 223 249 250 276 302 328 354 380 406 432 458 484 510 536 562 588 614 626 
13 47 56 90 104 134 168 177 211 245 250 289 323 332 366 396 405 444 453 487 517 526 560 599 608 636 
8 40 52 89 121 144 151 188 220 232 250 287 324 331 368 386 423 430 467 479 522 534 566 578 610 646 
7 49 61 78 115 141 158 195 212 229 250 292 309 346 363 389 401 443 455 497 523 535 552 594 606 631 
12 26 65 84 123 131 170 189 203 242 250 294 308 347 361 399 413 427 466 480 518 532 571 585 604 641 
20 48 71 99 122 135 163 186 214 237 250 278 301 329 352 390 418 441 469 492 505 533 556 584 607 627 
16 37 58 79 120 148 169 185 206 227 250 296 317 338 359 382 403 449 465 486 514 530 551 597 618 637 
9 36 68 95 102 142 174 176 208 235 250 282 314 341 373 388 415 447 454 481 521 528 555 587 619 647 
6 28 70 92 114 143 160 182 204 246 250 297 319 336 358 387 409 426 473 490 524 541 563 580 602 632 
19 45 51 82 113 147 153 184 210 241 250 281 312 343 374 383 414 440 471 477 511 542 573 579 605 642 
5 32 59 81 108 140 167 194 216 243 250 277 304 326 353 385 412 439 461 488 520 547 574 596 623 628 
11 30 54 98 117 133 152 196 215 239 250 299 318 337 356 397 416 435 459 478 519 538 557 576 620 638 
24 27 55 88 116 137 165 198 201 234 250 283 311 344 372 393 421 429 457 485 506 539 567 595 603 648 
21 44 62 80 103 138 156 179 222 240 250 298 316 339 357 392 410 433 451 499 509 527 570 593 611 633 
14 43 72 76 105 132 161 190 224 228 250 284 313 342 371 398 402 431 460 494 516 545 554 583 612 643 
10 39 63 87 111 130 159 183 207 231 250 279 303 327 351 395 424 448 472 496 515 544 568 592 616 629 
18 29 60 96 107 149 155 191 202 238 250 286 322 333 369 381 417 428 464 495 512 548 559 590 601 639 
23 31 69 77 110 139 172 180 218 226 250 288 321 334 367 391 404 437 470 483 507 540 553 586 624 649 
22 35 53 91 109 136 154 192 205 248 250 293 306 349 362 394 407 445 463 476 508 546 564 577 615 634 
17 33 74 85 101 146 162 178 219 230 250 291 307 348 364 384 420 436 452 493 513 529 565 581 622 644 
450 451 452 453 454 455 456 457 458 459 460 461 462 463 464 465 466 467 468 469 470 471 472 473 474 625 
4 33 62 91 120 147 151 180 214 243 265 299 303 332 361 388 417 446 450 484 506 535 569 598 602 643 
2 44 56 98 110 136 153 190 207 249 270 287 304 341 358 384 421 438 450 492 518 530 572 589 601 631 
3 36 74 82 115 144 152 185 223 231 255 293 301 339 372 396 409 442 450 488 512 545 558 591 604 649 
1 47 68 89 105 133 154 195 216 237 260 281 302 348 369 392 413 434 450 496 524 540 561 582 603 637 
15 31 72 88 104 149 160 176 217 233 253 294 305 346 362 382 423 439 450 491 511 527 568 584 620 644 
13 30 52 99 116 145 167 189 206 228 257 279 321 343 360 394 411 433 450 497 501 548 565 587 609 632 
8 48 63 78 118 132 172 187 202 242 256 296 311 326 366 380 420 435 450 490 509 549 564 579 619 645 
7 26 70 94 113 129 173 192 211 230 271 290 314 333 352 393 412 431 450 499 510 534 553 597 616 638 
12 38 64 85 111 142 168 194 215 241 272 298 324 345 371 377 403 429 450 476 507 533 559 580 606 626 
20 43 61 84 102 137 155 178 221 244 254 297 315 338 356 391 414 432 450 498 508 526 574 592 610 633 
16 28 60 97 109 127 164 196 208 240 263 295 307 344 351 399 406 443 450 487 505 542 554 586 623 646 
9 40 51 87 123 135 171 182 218 229 266 277 313 349 355 397 408 444 450 486 503 539 570 581 617 639 
6 34 57 80 108 146 174 197 220 248 261 289 312 335 363 376 404 427 450 478 516 544 567 590 618 627 
19 39 59 79 124 141 161 181 201 246 268 288 308 328 373 390 410 430 450 495 517 537 557 577 622 640 
5 37 69 96 103 143 170 177 209 236 251 283 310 342 374 389 416 448 450 482 522 529 556 588 615 647 
11 41 71 76 106 139 169 199 204 234 262 292 322 327 357 385 415 445 450 480 513 543 573 578 608 635 
24 46 73 95 122 134 156 183 205 232 269 291 318 340 367 379 401 428 450 477 514 536 563 585 612 628 
21 35 54 93 107 140 159 198 212 226 264 278 317 331 370 383 422 436 450 494 502 541 555 599 613 641 
14 27 65 83 121 128 166 184 222 235 267 280 323 336 354 381 424 437 450 493 520 538 551 594 607 634 
10 49 58 92 101 131 165 179 213 247 252 286 320 334 368 398 407 441 450 489 519 528 562 596 605 636 
18 42 66 90 119 138 162 186 210 239 258 282 306 330 359 378 402 426 450 479 523 547 571 595 624 629 
23 29 55 86 117 126 157 188 219 245 259 285 316 347 353 387 418 449 450 481 515 546 552 583 614 642 
22 32 67 77 112 148 158 193 203 238 274 284 319 329 364 395 405 440 450 485 521 531 566 576 611 630 
17 45 53 81 114 130 163 191 224 227 273 276 309 337 365 386 419 447 450 483 504 532 560 593 621 648 
575 576 577 578 579 580 581 582 583 584 585 586 587 588 589 590 591 592 593 594 595 596 597 598 599 625 
4 32 60 93 121 142 170 178 206 239 255 288 316 349 352 398 401 434 462 490 511 544 572 575 608 648 
2 41 55 99 113 146 160 179 218 232 265 284 323 337 351 389 403 442 456 495 508 547 561 575 619 641 
3 39 70 81 117 134 165 176 212 248 260 296 307 343 354 391 402 438 474 480 522 533 569 575 611 639 
1 48 65 87 109 138 155 177 224 241 270 292 314 331 353 382 404 446 468 485 519 536 558 575 622 632 
15 46 52 83 114 148 154 180 211 242 251 282 313 344 370 384 410 441 472 478 512 543 574 575 606 642 
13 43 73 78 108 136 166 196 201 231 264 294 324 329 359 387 417 447 452 482 510 540 570 575 605 635 
8 26 74 92 110 145 168 186 209 227 262 280 303 346 369 379 422 440 463 481 516 539 575 623 633 
7 33 59 80 106 137 163 189 210 236 267 293 319 340 366 397 423 449 470 496 502 528 554 575 601 626 
12 45 58 91 104 128 161 199 207 240 269 277 310 348 356 380 418 426 464 497 521 534 567 575 613 649 
20 38 51 94 107 139 152 190 208 246 253 291 309 347 360 392 405 448 461 479 506 549 562 575 618 634 
16 44 67 90 118 131 159 182 205 233 271 299 322 345 373 386 414 437 460 488 501 529 552 575 603 627 
9 49 64 79 119 133 173 188 203 243 257 297 312 327 367 381 421 436 451 491 505 545 560 575 615 645 
6 35 69 98 102 129 158 187 216 245 272 276 305 339 368 390 424 428 457 486 513 542 571 575 609 643 
19 28 62 96 105 135 174 183 217 226 256 290 304 338 372 377 411 445 459 493 523 532 566 575 614 636 
5 42 54 86 123 141 153 185 222 234 252 289 321 333 365 388 420 432 469 476 524 531 568 575 612 646 
11 27 68 84 120 140 156 197 213 229 274 285 301 342 358 378 419 430 471 487 507 548 564 575 616 644 
24 40 61 82 103 126 172 193 214 230 258 279 320 341 362 385 406 427 473 494 517 538 559 575 621 637 
21 31 66 76 111 147 157 192 202 237 273 283 318 328 363 399 409 444 454 489 520 530 565 575 610 630 
14 36 63 85 112 149 171 198 220 247 259 281 308 330 357 394 416 443 465 492 504 526 553 575 602 628 
10 34 53 97 116 132 151 195 219 238 254 298 317 336 355 396 415 439 458 477 518 537 556 575 624 638 
18 30 72 89 101 127 169 181 223 235 261 278 315 332 374 395 412 429 466 483 509 546 563 575 617 631 
23 47 71 95 124 143 167 191 215 244 263 287 311 335 364 383 407 431 455 484 503 527 551 575 604 629 
22 29 56 88 115 130 162 194 221 228 268 295 302 334 361 376 408 435 467 499 514 541 575 607 647 
17 37 57 77 122 144 164 184 204 249 266 286 306 326 371 393 413 433 453 498 515 535 555 575 620 640 
550 551 552 553 554 555 556 557 558 559 560 561 562 563 564 565 566 567 568 569 570 571 572 573 574 625 
4 31 63 90 122 137 169 196 203 230 270 277 309 336 368 383 410 442 474 476 516 548 550 582 614 647 
2 43 59 95 111 131 172 188 204 240 260 276 317 333 374 394 405 446 462 478 523 539 550 591 607 644 
3 37 71 80 119 149 158 192 201 235 265 279 313 347 356 386 420 434 468 477 507 541 550 589 623 636 
1 49 67 85 108 143 161 184 202 245 255 278 321 344 362 397 415 438 456 479 514 532 550 598 616 633 
15 36 57 78 124 147 168 189 205 226 254 295 316 337 358 381 402 448 469 485 513 534 550 596 617 637 
13 26 69 82 120 127 165 183 221 239 266 284 322 335 353 380 423 436 454 492 524 537 550 593 606 634 
8 34 55 81 107 138 164 185 211 237 268 294 315 341 367 398 424 445 471 497 503 529 550 576 602 626 
7 35 68 96 104 145 153 181 214 242 263 291 324 327 355 376 409 437 465 498 519 547 550 611 648 
12 32 52 97 117 139 159 179 224 244 261 281 301 346 366 388 408 428 473 493 510 530 550 595 615 640 
20 33 66 79 112 136 174 182 215 228 252 285 323 331 369 393 401 439 472 480 509 542 550 588 621 649 
16 30 74 88 102 135 154 193 207 246 259 298 312 326 365 378 417 431 470 489 522 536 550 594 608 641 
9 28 72 91 110 126 170 194 213 232 273 292 311 330 354 390 414 433 452 496 512 531 550 599 618 638 
6 41 51 86 121 132 167 177 212 247 258 293 303 338 373 384 419 429 464 499 505 540 550 585 620 630 
19 42 65 93 116 134 157 180 208 231 274 297 320 348 371 389 412 435 463 486 504 527 550 578 601 627 
5 47 64 76 118 144 156 198 210 227 253 290 307 349 361 387 404 441 458 495 521 538 550 592 609 631 
11 38 60 87 114 146 173 195 222 249 256 283 305 332 359 391 418 440 467 494 501 528 550 577 604 628 
24 39 54 94 109 148 163 178 218 233 272 287 302 342 357 396 411 426 466 481 520 535 550 590 605 645 
21 27 58 89 115 129 155 186 217 248 257 288 319 345 351 385 416 447 453 484 518 549 550 581 612 642 
14 45 56 92 103 140 151 187 223 234 271 282 318 329 360 377 413 449 455 491 508 544 550 586 622 639 
10 44 73 77 106 133 162 191 220 229 251 280 314 343 372 399 403 432 461 490 517 546 550 584 613 643 
18 48 53 83 113 141 171 176 206 236 269 299 304 334 364 392 422 427 457 487 515 545 550 580 610 635 
23 40 62 84 101 130 152 199 216 238 267 289 306 328 370 379 421 443 460 482 511 533 550 619 632 
22 46 70 99 123 142 166 190 219 243 262 286 310 339 363 382 406 430 459 483 502 526 550 579 603 629 
17 29 61 98 105 128 160 197 209 241 264 296 308 340 352 395 407 444 451 488 506 543 550 587 624 646 
425 426 427 428 429 430 431 432 433 434 435 436 437 438 439 440 441 442 443 444 445 446 447 448 449 625 
4 30 61 92 123 132 163 194 220 226 260 291 322 328 359 393 424 425 456 487 521 527 558 589 615 642 
2 40 58 96 114 141 159 197 210 228 255 298 311 329 367 399 412 425 468 481 513 526 569 582 620 634 
3 35 72 84 116 139 171 183 215 227 270 282 319 326 363 381 418 425 462 499 517 529 561 598 605 646 
1 45 69 88 107 148 167 186 205 229 265 289 308 327 371 387 406 425 474 493 509 528 572 591 610 638 
15 26 62 98 109 146 157 193 204 235 252 288 324 330 366 383 419 425 461 497 514 545 556 592 603 639 
13 39 60 86 112 143 169 190 216 242 273 299 320 346 372 378 404 425 451 477 508 534 555 581 607 626 
8 37 66 95 104 126 155 189 218 247 274 278 307 336 365 392 421 425 459 488 510 544 573 577 606 643 
7 42 52 87 122 133 168 178 213 248 259 294 304 339 374 380 415 425 460 495 506 541 551 586 621 630 
12 44 71 78 105 145 152 184 211 243 258 285 317 349 351 391 423 425 457 489 504 531 563 590 622 647 
20 28 56 89 117 138 166 199 202 230 251 284 312 340 373 394 422 425 458 486 507 535 568 596 604 648 
16 46 51 81 111 144 174 179 209 239 267 297 302 332 362 390 420 425 455 485 518 548 553 583 613 635 
9 32 55 83 106 149 172 195 223 246 264 287 310 338 361 379 402 425 453 476 519 542 565 593 616 627 
6 47 63 79 115 135 151 192 208 249 269 280 321 337 353 398 414 425 466 482 502 543 559 595 611 644 
19 31 73 85 102 128 165 182 224 236 262 279 316 333 370 396 413 425 467 484 505 547 564 576 618 631 
5 27 74 91 113 142 164 181 203 245 254 296 318 335 357 386 408 425 472 494 523 540 562 584 601 632 
11 49 57 90 103 127 160 198 206 244 268 276 314 347 355 384 417 425 463 496 520 533 566 579 612 649 
24 33 67 76 110 140 154 188 222 231 261 295 309 343 352 382 416 425 464 498 503 537 571 580 619 636 
21 48 70 97 124 131 158 180 207 234 266 293 315 342 369 376 403 425 452 479 511 538 560 587 614 628 
14 34 54 99 119 136 156 176 221 241 263 283 303 348 368 385 405 425 470 490 512 532 552 597 617 640 
10 29 68 82 121 134 173 187 201 240 253 292 306 345 364 397 411 425 469 483 516 530 574 588 602 641 
18 36 59 77 120 130 153 196 219 237 272 290 313 331 354 389 407 425 473 491 501 549 567 585 608 633 
23 38 53 93 108 147 162 177 217 232 271 286 301 341 356 395 410 425 465 480 524 539 554 594 609 645 
22 43 64 80 101 129 170 191 212 233 256 277 323 344 360 388 409 425 471 492 515 536 557 578 624 637 
17 41 65 94 118 137 161 185 214 238 257 281 305 334 358 377 401 425 454 478 522 546 570 599 623 629 
0 25 50 75 100 125 150 175 200 225 250 275 300 325 350 375 400 425 450 475 500 525 550 575 600 650 
0 29 53 77 101 145 174 198 222 246 265 294 318 342 366 385 414 438 462 486 505 534 558 582 606 629 
0 28 51 79 102 140 168 191 219 242 255 283 306 334 357 395 423 446 474 497 510 538 561 589 612 
0 27 54 76 103 135 162 189 211 238 270 297 324 346 373 380 407 434 456 483 515 542 569 591 618 
0 26 52 78 104 130 156 182 208 234 260 286 312 338 364 390 416 442 468 494 520 546 572 598 624 626 
0 45 65 85 105 127 172 192 212 232 254 299 319 339 359 376 421 441 461 481 503 548 568 588 608 640 
0 49 68 87 106 147 166 185 209 228 269 288 307 326 370 386 405 429 473 492 508 527 571 590 614 638 
0 48 66 89 107 142 160 183 201 249 259 277 320 343 361 396 419 437 455 478 513 531 554 597 615 633 
0 47 69 86 108 137 159 176 223 240 274 291 313 330 352 381 403 445 467 489 518 535 557 579 621 632 
0 46 67 88 109 132 153 199 215 236 264 280 301 347 368 391 412 433 454 495 523 544 560 581 602 637 
0 40 55 95 110 129 169 184 224 239 253 293 308 348 363 377 417 432 472 487 501 541 556 596 611 645 
0 44 58 97 111 149 163 177 216 230 268 282 321 335 354 387 401 440 459 498 506 545 564 578 617 641 
0 43 56 99 112 144 157 195 213 226 258 296 314 327 365 397 410 428 466 484 511 529 567 580 623 634 
0 42 59 96 113 139 151 193 205 247 273 285 302 344 356 382 424 436 453 490 516 533 570 587 604 631 
0 41 57 98 114 134 170 186 202 243 263 279 315 331 372 392 408 449 460 476 521 537 553 594 605 644 
0 35 70 80 115 126 161 196 206 241 252 287 322 332 367 378 413 448 458 493 504 539 574 584 619 630 
0 39 73 82 116 146 155 194 203 237 267 276 310 349 358 388 422 431 465 479 509 543 552 586 620 636 
0 38 71 84 117 141 154 187 220 233 257 290 303 336 374 398 406 444 452 485 514 547 555 593 601 649 
0 37 74 81 118 136 173 180 217 229 272 284 316 328 360 383 415 427 464 496 519 526 563 595 607 646 
0 36 72 83 119 131 167 178 214 245 262 298 309 340 351 393 404 435 471 482 524 530 566 577 613 639 
0 30 60 90 120 128 158 188 218 248 251 281 311 341 371 379 409 439 469 499 502 532 562 592 622 635 
0 34 63 92 121 148 152 181 210 244 266 295 304 333 362 389 418 447 451 480 507 536 565 599 603 643 
0 33 61 94 122 143 171 179 207 235 256 289 317 345 353 399 402 430 463 491 512 540 573 576 609 648 
0 32 64 91 123 138 165 197 204 231 271 278 305 337 369 384 411 443 470 477 517 549 551 583 610 647 
0 31 62 93 124 133 164 190 221 227 261 292 323 329 355 394 420 426 457 488 522 528 559 585 616 642 
0 1 2 3 4 5 6 7 8 9 10 11 12 13 14 15 16 17 18 19 20 21 22 23 24 625 
